1
5
8
9
10
14
15
18
19
27
30
31
32
33
36
37
38
39
42
46
49
50
52
61
64
66
72
81
88
90
92
99
101
106
110
111
116
119
121
123
130
131
132
138
147
148
149
150
152
167
168
170
173
180
185
194
199
200
201
202
221
226
228
230
236
241
243
247
251
252
253
254
255
256
257
258
259
260
261
262
263
264
265
266
267
268
271
272
273
274
275
278
281
282
284
285
290
291
292
293
300
303
304
307
308
310
311
313
315
317
320
323
325
328
329
330
332
333
334
335
336
339
341
342
344
345
346
347
348
349
350
351
352
353
354
355
356
357
358
360
361
362
363
365
367
368
370
372
373
381
382
383
384
390
392
393
394
396
397
401
403
404
405
409
414
418
420
421
432
433
434
437
438
451
454
461
463
464
465
469
473
481
488
489
493
494
502
504
507
508
510
511
512
514
517
518
520
528
529
530
531
534
536
539
541
542
546
548
549
552
553
555
556
560
561
562
563
564
565
567
573
574
575
579
580
589
593
600
605
608
616
622
626
628
629
639
642
643
646
647
649
650
654
656
658
665
666
668
672
674
678
679
680
682
683
696
735
749
751
757
760
761
762
764
766
769
770
771
772
774
775
777
778
780
790
791
793
796
797
799
801
802
807
813
814
815
816
817
820
821
822
823
824
826
828
835
839
844
852
855
857
858
865
869
871
873
877
878
880
881
886
887
890
892
893
895
897
899
900
901
906
912
915
918
921
922
923
925
927
928
929
930
931
933
934
936
939
940
945
949
950
958
961
967
968
973
975
977
982
986
989
990
991
997
998
999
