SNP_ID	Prob_in_pCausalSet	Causal_Post._Prob.
1	0.000224863	0.000573993
2	0.000111158	0.000283745
3	8.77466e-05	0.000223985
4	7.48254e-05	0.000191002
5	0.000224813	0.000573866
6	8.81326e-05	0.00022497
7	6.0972e-05	0.000155639
8	0.000224808	0.000573851
9	0.000224808	0.000573851
10	0.000224808	0.000573851
11	8.22757e-05	0.00021002
12	7.01322e-05	0.000179022
13	6.64796e-05	0.000169698
14	0.000149415	0.000381401
15	0.000126613	0.000323197
16	7.70415e-05	0.000196659
17	8.81561e-05	0.00022503
18	0.000127873	0.000326413
19	0.000195557	0.000499187
20	6.04553e-05	0.00015432
21	6.09716e-05	0.000155638
22	8.89641e-05	0.000227093
23	8.89641e-05	0.000227093
24	8.89641e-05	0.000227093
25	7.64411e-05	0.000195126
26	6.09717e-05	0.000155639
27	0.000215296	0.000549573
28	7.09594e-05	0.000181133
29	7.53838e-05	0.000192427
30	0.000220943	0.000563987
31	0.000150664	0.000384589
32	0.000150565	0.000384336
33	0.000224983	0.0005743
34	6.11673e-05	0.000156138
35	0.000103426	0.000264009
36	0.000154497	0.000394376
37	0.000150692	0.000384663
38	0.000150692	0.000384663
39	0.00019262	0.000491687
40	0.00010782	0.000275225
41	6.14614e-05	0.000156889
42	0.000221581	0.000565615
43	8.71218e-05	0.00022239
44	8.71336e-05	0.00022242
45	8.7808e-05	0.000224142
46	0.000148153	0.00037818
47	8.71336e-05	0.00022242
48	6.02734e-05	0.000153856
49	0.000138839	0.000354405
50	0.000138839	0.000354405
51	0.000103968	0.000265391
52	0.000151187	0.000385925
53	6.19204e-05	0.00015806
54	6.09659e-05	0.000155624
55	8.99187e-05	0.00022953
56	8.99243e-05	0.000229544
57	8.81022e-05	0.000224893
58	6.0969e-05	0.000155632
59	6.09683e-05	0.00015563
60	8.80863e-05	0.000224852
61	0.000225472	0.000575548
62	8.80626e-05	0.000224792
63	7.6218e-05	0.000194557
64	0.000223768	0.000571197
65	8.80983e-05	0.000224883
66	0.000151161	0.000385859
67	9.74845e-05	0.000248842
68	8.80746e-05	0.000224822
69	6.0974e-05	0.000155644
70	8.81525e-05	0.000225021
71	8.81353e-05	0.000224977
72	0.000217034	0.000554008
73	6.09593e-05	0.000155607
74	8.81353e-05	0.000224977
75	7.49146e-05	0.000191229
76	8.81451e-05	0.000225002
77	6.79961e-05	0.000173569
78	6.0964e-05	0.000155619
79	6.2032e-05	0.000158345
80	8.81388e-05	0.000224986
81	0.000150149	0.000383275
82	8.81617e-05	0.000225045
83	8.81358e-05	0.000224978
84	6.44654e-05	0.000164557
85	6.11608e-05	0.000156121
86	8.88518e-05	0.000226806
87	8.81328e-05	0.000224971
88	0.000219791	0.000561045
89	6.10728e-05	0.000155896
90	0.000221515	0.000565448
91	8.87878e-05	0.000226643
92	0.000224666	0.000573489
93	6.24351e-05	0.000159374
94	8.81358e-05	0.000224979
95	6.10617e-05	0.000155868
96	6.19465e-05	0.000158127
97	7.46276e-05	0.000190497
98	8.81388e-05	0.000224986
99	0.000220126	0.000561901
100	8.89303e-05	0.000227006
101	0.000152342	0.000388872
102	8.81388e-05	0.000224986
103	6.10485e-05	0.000155834
104	7.6069e-05	0.000194176
105	8.81358e-05	0.000224979
106	0.000224821	0.000573886
107	8.80533e-05	0.000224768
108	8.88526e-05	0.000226808
109	7.10069e-05	0.000181255
110	0.000227983	0.000581957
111	0.000152585	0.000389493
112	7.26492e-05	0.000185447
113	5.98953e-05	0.000152891
114	8.89272e-05	0.000226999
115	6.10567e-05	0.000155855
116	0.000152663	0.000389693
117	6.77997e-05	0.000173068
118	8.89256e-05	0.000226995
119	0.000230487	0.000588349
120	8.89256e-05	0.000226995
121	0.000150977	0.000385388
122	6.01426e-05	0.000153522
123	0.000151589	0.000386952
124	8.89256e-05	0.000226995
125	6.10576e-05	0.000155858
126	8.78874e-05	0.000224344
127	8.88703e-05	0.000226853
128	0.00010334	0.00026379
129	6.09583e-05	0.000155604
130	0.000230331	0.000587951
131	0.000151205	0.000385971
132	0.000230616	0.000588678
133	0.00010777	0.000275096
134	6.14473e-05	0.000156853
135	8.88686e-05	0.000226849
136	0.000109198	0.000278743
137	9.02726e-05	0.000230433
138	0.00023298	0.000594713
139	6.10746e-05	0.000155901
140	9.0172e-05	0.000230176
141	9.0134e-05	0.000230079
142	6.87763e-05	0.000175561
143	8.93677e-05	0.000228123
144	6.29617e-05	0.000160718
145	0.000106738	0.000272464
146	6.11427e-05	0.000156075
147	0.000162459	0.000414697
148	0.00016836	0.000429762
149	0.000169541	0.000432777
150	0.000228303	0.000582773
151	6.24878e-05	0.000159508
152	0.000251284	0.000641437
153	6.05666e-05	0.000154604
154	8.92653e-05	0.000227862
155	6.11447e-05	0.00015608
156	8.9219e-05	0.000227743
157	8.92148e-05	0.000227733
158	6.31662e-05	0.00016124
159	8.9168e-05	0.000227613
160	6.12929e-05	0.000156458
161	8.9168e-05	0.000227613
162	8.92568e-05	0.00022784
163	8.91073e-05	0.000227458
164	0.000113011	0.000288476
165	8.90355e-05	0.000227275
166	8.89516e-05	0.000227061
167	0.000237201	0.000605487
168	0.000225745	0.000576243
169	7.2115e-05	0.000184083
170	0.000231652	0.000591322
171	0.000103891	0.000265196
172	8.67338e-05	0.0002214
173	0.000233547	0.00059616
174	8.88033e-05	0.000226682
175	8.16293e-05	0.00020837
176	8.34204e-05	0.000212942
177	8.6119e-05	0.00021983
178	9.49757e-05	0.000242438
179	6.00033e-05	0.000153167
180	0.000149913	0.000382673
181	9.48769e-05	0.000242186
182	6.08259e-05	0.000155266
183	6.092e-05	0.000155506
184	0.000124741	0.000318418
185	0.000124774	0.000318502
186	6.08195e-05	0.00015525
187	9.16753e-05	0.000234014
188	7.27474e-05	0.000185697
189	9.16431e-05	0.000233931
190	9.44685e-05	0.000241143
191	8.20546e-05	0.000209455
192	9.83539e-05	0.000251062
193	8.6683e-05	0.00022127
194	0.000276089	0.000704753
195	7.74999e-05	0.000197829
196	6.0245e-05	0.000153784
197	6.84868e-05	0.000174822
198	6.06654e-05	0.000154857
199	0.000162468	0.000414722
200	0.000135108	0.000344882
201	0.000137219	0.00035027
202	0.000152857	0.000390188
203	6.49886e-05	0.000165892
204	6.99689e-05	0.000178605
205	0.000110431	0.000281889
206	9.32209e-05	0.000237959
207	8.98615e-05	0.000229384
208	6.72332e-05	0.000171622
209	7.31452e-05	0.000186713
210	7.90268e-05	0.000201727
211	0.000113456	0.000289611
212	6.36638e-05	0.00016251
213	6.0939e-05	0.000155555
214	6.3275e-05	0.000161518
215	7.0604e-05	0.000180226
216	7.92076e-05	0.000202188
217	7.2721e-05	0.00018563
218	7.15677e-05	0.000182686
219	7.54991e-05	0.000192722
220	6.92999e-05	0.000176897
221	0.000200157	0.000510927
222	6.91517e-05	0.000176519
223	6.15211e-05	0.000157041
224	8.54637e-05	0.000218158
225	6.40952e-05	0.000163612
226	0.000180519	0.000460798
227	6.14991e-05	0.000156985
228	0.000177439	0.000452936
229	9.92278e-05	0.000253292
230	0.000157181	0.000401226
231	6.35164e-05	0.000162134
232	7.49697e-05	0.00019137
233	9.79894e-05	0.000250131
234	6.27282e-05	0.000160122
235	0.000112183	0.000286362
236	0.000178879	0.000456614
237	6.48008e-05	0.000165413
238	6.19741e-05	0.000158197
239	7.09901e-05	0.000181212
240	7.55039e-05	0.000192734
241	0.000221796	0.000566165
242	7.47093e-05	0.000190706
243	0.000641924	0.0016386
244	7.4632e-05	0.000190508
245	7.46617e-05	0.000190584
246	6.91378e-05	0.000176484
247	0.000238668	0.000609231
248	7.53641e-05	0.000192377
249	7.51571e-05	0.000191849
250	7.21249e-05	0.000184109
251	0.000239579	0.000611557
252	0.00106384	0.00271559
253	0.000215639	0.000550448
254	0.019989	0.0510246
255	0.000229926	0.000586916
256	0.020024	0.051114
257	0.000521279	0.00133064
258	0.00052117	0.00133036
259	0.0205511	0.0524595
260	0.024762	0.0632084
261	0.0201351	0.0513975
262	0.000199564	0.000509414
263	0.0243849	0.0622458
264	0.000241935	0.000617572
265	0.0332253	0.0848122
266	0.0301547	0.076974
267	0.00121141	0.00309229
268	0.0317318	0.0809997
269	7.91846e-05	0.000202129
270	9.11742e-05	0.000232734
271	0.000660327	0.00168557
272	0.0372223	0.0950149
273	0.000598033	0.00152656
274	0.000235489	0.000601116
275	0.0341303	0.0871221
276	9.2032e-05	0.000234924
277	7.95912e-05	0.000203167
278	0.0003191	0.000814545
279	7.92419e-05	0.000202276
280	7.91845e-05	0.000202129
281	0.0328615	0.0838833
282	0.000235383	0.000600848
283	7.82502e-05	0.000199744
284	0.00129525	0.00330631
285	0.000236804	0.000604474
286	8.16035e-05	0.000208304
287	8.45684e-05	0.000215872
288	9.36446e-05	0.00023904
289	6.59926e-05	0.000168455
290	0.00188046	0.00480013
291	0.00096252	0.00245696
292	0.00160191	0.00408909
293	0.00221337	0.00564992
294	0.000111074	0.000283532
295	6.51982e-05	0.000166427
296	6.62307e-05	0.000169063
297	7.08125e-05	0.000180759
298	6.6278e-05	0.000169184
299	9.23566e-05	0.000235753
300	0.000139915	0.000357151
301	0.00011055	0.000282193
302	6.6227e-05	0.000169053
303	0.000157557	0.000402186
304	0.0683932	0.174583
305	9.46062e-05	0.000241495
306	0.000104802	0.000267522
307	0.000360787	0.000920956
308	0.00174772	0.00446129
309	0.000108759	0.000277622
310	0.000354693	0.000905401
311	0.00772849	0.019728
312	0.000108295	0.000276437
313	0.000358428	0.000914936
314	0.000101844	0.00025997
315	0.00124154	0.00316921
316	0.00012368	0.00031571
317	0.000367895	0.000939103
318	0.000108746	0.000277589
319	6.75402e-05	0.000172406
320	0.000126038	0.00032173
321	6.72184e-05	0.000171584
322	0.000107236	0.000273734
323	0.00229223	0.00585122
324	0.000103811	0.000264993
325	0.000380973	0.000972485
326	0.000110319	0.000281605
327	0.000103429	0.000264017
328	0.0021038	0.00537024
329	0.000334191	0.000853068
330	0.00152729	0.00389861
331	6.91353e-05	0.000176477
332	0.00152621	0.00389585
333	0.00145133	0.00370471
334	0.00144959	0.00370026
335	0.000131722	0.000336239
336	0.000359844	0.000918551
337	0.000110244	0.000281412
338	0.000113781	0.000290441
339	0.000199222	0.000508541
340	6.19064e-05	0.000158024
341	0.000197851	0.000505042
342	0.000199467	0.000509167
343	6.4885e-05	0.000165628
344	0.000185729	0.000474099
345	0.0162411	0.0414577
346	0.0163363	0.0417006
347	0.00122646	0.0031307
348	0.0163999	0.0418629
349	0.000197803	0.000504918
350	0.0187718	0.0479175
351	0.000384669	0.00098192
352	0.000198798	0.000507459
353	0.000199037	0.000508069
354	0.000199122	0.000508285
355	0.0177299	0.0452578
356	0.000198882	0.000507672
357	0.00924842	0.0236078
358	0.000199736	0.000509853
359	6.90455e-05	0.000176248
360	0.000387395	0.000988878
361	0.0182157	0.0464981
362	0.000198509	0.00050672
363	0.000372597	0.000951105
364	0.00010283	0.000262487
365	0.000719379	0.00183631
366	6.36e-05	0.000162348
367	0.000263485	0.000672582
368	0.000127257	0.00032484
369	8.88584e-05	0.000226823
370	0.000125113	0.000319368
371	6.71862e-05	0.000171502
372	0.00014497	0.000370055
373	0.0132308	0.0337734
374	8.07191e-05	0.000206046
375	6.22409e-05	0.000158878
376	8.04181e-05	0.000205278
377	8.04715e-05	0.000205414
378	8.04688e-05	0.000205408
379	7.08489e-05	0.000180851
380	8.04361e-05	0.000205324
381	0.00149004	0.00380353
382	0.0151095	0.038569
383	0.00148632	0.00379404
384	0.00146101	0.00372941
385	7.1376e-05	0.000182197
386	8.58329e-05	0.0002191
387	8.03987e-05	0.000205228
388	8.03781e-05	0.000205176
389	8.58126e-05	0.000219048
390	0.00147153	0.00375628
391	8.0389e-05	0.000205204
392	0.0199715	0.0509799
393	0.0211865	0.0540813
394	0.0212132	0.0541496
395	8.03998e-05	0.000205231
396	0.0218532	0.0557833
397	0.0219551	0.0560434
398	6.50635e-05	0.000166083
399	6.71746e-05	0.000171472
400	7.97851e-05	0.000203662
401	0.0217382	0.0554896
402	8.03885e-05	0.000205203
403	0.0217004	0.0553931
404	0.0133748	0.034141
405	0.00407132	0.0103926
406	6.5276e-05	0.000166626
407	0.000118285	0.00030194
408	0.000103619	0.000264502
409	0.00020056	0.000511956
410	0.000112683	0.00028764
411	8.95199e-05	0.000228512
412	0.00011225	0.000286533
413	0.000112575	0.000287364
414	0.000168313	0.000429643
415	8.06556e-05	0.000205884
416	8.04852e-05	0.000205449
417	0.000112283	0.000286618
418	0.00131664	0.0033609
419	6.72846e-05	0.000171753
420	0.000167705	0.00042809
421	0.000158012	0.000403346
422	0.000113024	0.000288509
423	0.000113012	0.000288478
424	8.03301e-05	0.000205053
425	8.03308e-05	0.000205055
426	0.000112987	0.000288416
427	8.03271e-05	0.000205046
428	6.72639e-05	0.0001717
429	8.08546e-05	0.000206392
430	7.04231e-05	0.000179765
431	0.00011299	0.000288422
432	0.000171575	0.000437968
433	0.000133893	0.000341781
434	0.000151247	0.000386078
435	6.75623e-05	0.000172462
436	6.75613e-05	0.000172459
437	0.000164209	0.000419165
438	0.0117623	0.0300248
439	6.50056e-05	0.000165935
440	6.75633e-05	0.000172464
441	0.000108828	0.000277798
442	0.000108878	0.000277926
443	0.0001079	0.00027543
444	6.75665e-05	0.000172472
445	0.00010607	0.000270759
446	8.00809e-05	0.000204417
447	8.03609e-05	0.000205132
448	0.000111382	0.000284319
449	6.75659e-05	0.000172471
450	8.03546e-05	0.000205116
451	0.00261153	0.00666628
452	9.52182e-05	0.000243057
453	8.02466e-05	0.00020484
454	0.000163381	0.000417053
455	0.000108294	0.000276434
456	0.000114626	0.000292599
457	0.000120953	0.00030875
458	0.000121053	0.000309003
459	7.12585e-05	0.000181897
460	8.03712e-05	0.000205158
461	0.000174748	0.000446068
462	0.000117798	0.000300694
463	0.00924358	0.0235955
464	0.000714277	0.00182329
465	0.000221493	0.000565391
466	8.04699e-05	0.00020541
467	0.000114741	0.000292891
468	6.91842e-05	0.000176602
469	0.00111759	0.00285281
470	6.78729e-05	0.000173255
471	8.06138e-05	0.000205778
472	6.78925e-05	0.000173305
473	0.00111813	0.00285417
474	7.56889e-05	0.000193206
475	7.55875e-05	0.000192947
476	6.76632e-05	0.000172719
477	7.5849e-05	0.000193615
478	8.03799e-05	0.00020518
479	7.56335e-05	0.000193065
480	0.000114751	0.000292918
481	0.000159994	0.000408407
482	0.000107725	0.000274982
483	8.22331e-05	0.000209911
484	6.53139e-05	0.000166722
485	0.000101703	0.000259609
486	0.000101485	0.000259054
487	6.99452e-05	0.000178545
488	0.00013725	0.000350349
489	0.0049167	0.0125505
490	0.000120918	0.00030866
491	7.39868e-05	0.000188861
492	7.48038e-05	0.000190947
493	0.000126128	0.00032196
494	0.000144127	0.000367904
495	9.74825e-05	0.000248837
496	7.38616e-05	0.000188542
497	0.000122182	0.000311886
498	0.000123924	0.000316333
499	7.22728e-05	0.000184486
500	7.2874e-05	0.000186021
501	6.1425e-05	0.000156796
502	0.000230223	0.000587674
503	6.19359e-05	0.0001581
504	0.00282289	0.00720581
505	7.9633e-05	0.000203274
506	6.66271e-05	0.000170075
507	0.000140972	0.000359849
508	0.00221099	0.00564384
509	7.24251e-05	0.000184875
510	0.00171829	0.00438616
511	0.000273108	0.000697146
512	0.000620996	0.00158518
513	7.248e-05	0.000185015
514	0.00116632	0.00297719
515	7.89988e-05	0.000201655
516	7.25425e-05	0.000185174
517	0.000611417	0.00156072
518	0.00241439	0.00616307
519	7.12152e-05	0.000181786
520	0.00012511	0.000319361
521	7.21924e-05	0.000184281
522	7.29384e-05	0.000186185
523	7.31958e-05	0.000186842
524	7.32386e-05	0.000186951
525	7.32744e-05	0.000187043
526	7.33414e-05	0.000187214
527	0.000112025	0.00028596
528	0.00223088	0.00569463
529	0.0038126	0.00973217
530	0.000483896	0.00123521
531	0.000577786	0.00147488
532	7.30613e-05	0.000186499
533	7.4033e-05	0.000188979
534	0.00140826	0.00359478
535	7.01787e-05	0.00017914
536	0.00122393	0.00312424
537	6.30571e-05	0.000160962
538	6.9057e-05	0.000176277
539	0.00147705	0.00377036
540	7.5104e-05	0.000191713
541	0.00301692	0.0077011
542	0.00273992	0.00699401
543	7.27906e-05	0.000185808
544	6.33656e-05	0.000161749
545	7.26864e-05	0.000185542
546	0.00337583	0.00861727
547	9.28701e-05	0.000237063
548	0.00365722	0.00933556
549	0.000291224	0.000743388
550	7.34642e-05	0.000187527
551	7.43758e-05	0.000189854
552	0.000186069	0.000474967
553	0.0111386	0.0284327
554	7.23696e-05	0.000184733
555	0.000171248	0.000437134
556	0.00046414	0.00118478
557	7.39033e-05	0.000188648
558	7.12736e-05	0.000181935
559	6.59828e-05	0.00016843
560	0.00473874	0.0120963
561	0.0122995	0.0313962
562	0.000258624	0.000660172
563	0.000136029	0.000347233
564	0.000137229	0.000350295
565	0.012986	0.0331486
566	7.18384e-05	0.000183377
567	0.000170488	0.000435194
568	9.22269e-05	0.000235421
569	6.68527e-05	0.00017065
570	7.13611e-05	0.000182159
571	7.19164e-05	0.000183576
572	7.21041e-05	0.000184055
573	0.00405788	0.0103583
574	0.00443852	0.0113299
575	0.0112959	0.0288342
576	7.86335e-05	0.000200723
577	7.01229e-05	0.000178998
578	0.000117992	0.00030119
579	0.000305827	0.000780664
580	0.00263329	0.00672182
581	9.58714e-05	0.000244725
582	0.000111938	0.000285737
583	7.10653e-05	0.000181404
584	6.12857e-05	0.00015644
585	7.02573e-05	0.000179341
586	6.99146e-05	0.000178466
587	7.11393e-05	0.000181593
588	6.57351e-05	0.000167798
589	0.00126978	0.00324129
590	6.79813e-05	0.000173531
591	6.80029e-05	0.000173587
592	6.08681e-05	0.000155374
593	0.000388467	0.000991614
594	7.66585e-05	0.000195681
595	6.14693e-05	0.000156909
596	6.27925e-05	0.000160286
597	6.4254e-05	0.000164017
598	7.63089e-05	0.000194789
599	7.56113e-05	0.000193008
600	0.00113611	0.00290007
601	7.63705e-05	0.000194946
602	6.57033e-05	0.000167717
603	6.97259e-05	0.000177985
604	7.24861e-05	0.00018503
605	0.00112453	0.00287051
606	7.629e-05	0.00019474
607	7.1387e-05	0.000182225
608	0.00112385	0.00286877
609	6.12422e-05	0.000156329
610	7.54656e-05	0.000192636
611	7.60086e-05	0.000194022
612	6.27644e-05	0.000160215
613	6.16014e-05	0.000157246
614	7.54386e-05	0.000192567
615	6.46709e-05	0.000165081
616	0.00112264	0.0028657
617	7.06313e-05	0.000180296
618	7.06266e-05	0.000180284
619	7.05264e-05	0.000180028
620	7.57417e-05	0.000193341
621	6.00589e-05	0.000153309
622	0.00111711	0.00285157
623	6.29719e-05	0.000160744
624	6.32707e-05	0.000161507
625	6.87394e-05	0.000175466
626	0.00107129	0.00273462
627	6.85562e-05	0.000174999
628	0.00110108	0.00281064
629	0.00109383	0.00279215
630	8.21878e-05	0.000209795
631	6.84121e-05	0.000174631
632	6.43926e-05	0.000164371
633	6.36965e-05	0.000162594
634	9.11104e-05	0.000232572
635	7.122e-05	0.000181799
636	6.4381e-05	0.000164341
637	0.000116144	0.000296472
638	9.76758e-05	0.000249331
639	0.00016429	0.000419373
640	6.51609e-05	0.000166332
641	6.02295e-05	0.000153744
642	0.00017103	0.000436578
643	0.000175854	0.000448891
644	9.66249e-05	0.000246648
645	6.11842e-05	0.000156181
646	0.000180396	0.000460485
647	0.000183174	0.000467575
648	0.000106444	0.000271712
649	0.000180967	0.000461943
650	0.000177381	0.000452789
651	6.01953e-05	0.000153657
652	0.000101106	0.000258086
653	9.37963e-05	0.000239428
654	0.000171531	0.000437855
655	7.21882e-05	0.00018427
656	0.000170235	0.000434548
657	6.82077e-05	0.000174109
658	0.000164529	0.000419983
659	7.42607e-05	0.00018956
660	0.000120715	0.000308142
661	0.000124719	0.000318361
662	0.000101067	0.000257986
663	7.8287e-05	0.000199838
664	0.000117638	0.000300288
665	0.000157013	0.000400797
666	0.00014716	0.000375647
667	9.06438e-05	0.00023138
668	0.000153706	0.000392354
669	0.000110476	0.000282005
670	8.75369e-05	0.00022345
671	8.45694e-05	0.000215875
672	0.000185288	0.000472972
673	7.33849e-05	0.000187325
674	0.000132139	0.000337303
675	6.06213e-05	0.000154744
676	6.97716e-05	0.000178101
677	8.3856e-05	0.000214054
678	0.000145135	0.000370475
679	0.000153981	0.000393058
680	0.000136763	0.000349105
681	6.0021e-05	0.000153212
682	0.000133489	0.000340749
683	0.000137353	0.000350611
684	7.16824e-05	0.000182979
685	6.25808e-05	0.000159746
686	6.22977e-05	0.000159023
687	0.00010581	0.000270096
688	6.16326e-05	0.000157326
689	5.97906e-05	0.000152623
690	5.9844e-05	0.00015276
691	5.98373e-05	0.000152743
692	6.14501e-05	0.00015686
693	6.59315e-05	0.000168299
694	6.12429e-05	0.000156331
695	6.14381e-05	0.000156829
696	0.000129982	0.000331796
697	0.000102831	0.00026249
698	8.14918e-05	0.000208019
699	5.98779e-05	0.000152846
700	6.14631e-05	0.000156893
701	6.18146e-05	0.00015779
702	5.98783e-05	0.000152847
703	6.14332e-05	0.000156817
704	5.98783e-05	0.000152847
705	5.98768e-05	0.000152844
706	5.98737e-05	0.000152836
707	5.98743e-05	0.000152837
708	6.35072e-05	0.000162111
709	6.01115e-05	0.000153443
710	6.50931e-05	0.000166159
711	5.98742e-05	0.000152837
712	6.59553e-05	0.00016836
713	6.20659e-05	0.000158431
714	6.0073e-05	0.000153344
715	8.61127e-05	0.000219814
716	6.0073e-05	0.000153345
717	6.01135e-05	0.000153448
718	7.17314e-05	0.000183104
719	6.12416e-05	0.000156327
720	6.19634e-05	0.00015817
721	6.1232e-05	0.000156303
722	6.13485e-05	0.0001566
723	5.98325e-05	0.00015273
724	6.17681e-05	0.000157671
725	6.13529e-05	0.000156612
726	5.98365e-05	0.000152741
727	5.98259e-05	0.000152714
728	5.98133e-05	0.000152681
729	5.9826e-05	0.000152714
730	6.13754e-05	0.000156669
731	6.15467e-05	0.000157106
732	6.43465e-05	0.000164253
733	6.14105e-05	0.000156758
734	5.98101e-05	0.000152673
735	0.000552442	0.00141018
736	5.98064e-05	0.000152664
737	6.00516e-05	0.00015329
738	5.97857e-05	0.000152611
739	0.000110908	0.000283108
740	6.02985e-05	0.00015392
741	6.00792e-05	0.00015336
742	6.15338e-05	0.000157073
743	6.0229e-05	0.000153743
744	6.25821e-05	0.000159749
745	7.21767e-05	0.000184241
746	6.36289e-05	0.000162421
747	6.11722e-05	0.00015615
748	5.98075e-05	0.000152667
749	0.000130379	0.000332809
750	8.00887e-05	0.000204437
751	0.00014915	0.000380725
752	6.7641e-05	0.000172663
753	6.03493e-05	0.00015405
754	6.03422e-05	0.000154032
755	6.70376e-05	0.000171123
756	7.52494e-05	0.000192084
757	0.000318903	0.000814044
758	6.4776e-05	0.000165349
759	7.51806e-05	0.000191909
760	0.000322667	0.000823651
761	0.000152935	0.000390388
762	0.000319897	0.000816579
763	0.000104346	0.000266358
764	0.000317459	0.000810358
765	6.42342e-05	0.000163966
766	0.000314387	0.000802515
767	6.52707e-05	0.000166612
768	7.90268e-05	0.000201727
769	0.000152779	0.000389988
770	0.000349945	0.000893281
771	0.000300279	0.000766502
772	0.000154055	0.000393245
773	6.07127e-05	0.000154977
774	0.000348991	0.000890845
775	0.000348567	0.000889765
776	8.29769e-05	0.00021181
777	0.000346006	0.000883228
778	0.000150667	0.000384597
779	6.41759e-05	0.000163818
780	0.000149784	0.000382345
781	7.66163e-05	0.000195573
782	6.23223e-05	0.000159086
783	6.53766e-05	0.000166883
784	8.39127e-05	0.000214198
785	6.60579e-05	0.000168622
786	6.083e-05	0.000155277
787	6.62463e-05	0.000169102
788	6.60493e-05	0.0001686
789	6.17671e-05	0.000157669
790	0.000152574	0.000389467
791	0.000353503	0.000902364
792	7.71082e-05	0.000196829
793	0.000148497	0.000379059
794	6.08749e-05	0.000155391
795	7.95381e-05	0.000203032
796	0.000316525	0.000807973
797	0.000353252	0.000901724
798	6.08817e-05	0.000155409
799	0.000147582	0.000376722
800	6.13246e-05	0.000156539
801	0.000425658	0.00108655
802	0.000316426	0.000807719
803	6.08909e-05	0.000155432
804	7.95267e-05	0.000203003
805	7.6426e-05	0.000195088
806	6.59326e-05	0.000168302
807	0.000322874	0.000824178
808	6.15469e-05	0.000157107
809	7.86415e-05	0.000200743
810	6.09138e-05	0.000155491
811	8.0131e-05	0.000204545
812	6.09185e-05	0.000155503
813	0.000361957	0.000923944
814	0.000138788	0.000354275
815	0.000334054	0.000852717
816	0.000322504	0.000823235
817	0.00036108	0.000921705
818	7.89142e-05	0.000201439
819	8.0264e-05	0.000204885
820	0.000354884	0.00090589
821	0.00035998	0.000918898
822	0.000132295	0.000337701
823	0.000134215	0.000342602
824	0.000133948	0.000341919
825	6.51084e-05	0.000166198
826	0.000145121	0.000370441
827	7.83016e-05	0.000199875
828	0.000296815	0.000757659
829	7.95401e-05	0.000203037
830	6.65874e-05	0.000169973
831	6.02781e-05	0.000153868
832	6.6499e-05	0.000169748
833	6.62663e-05	0.000169154
834	6.16523e-05	0.000157376
835	0.000144573	0.000369042
836	7.46808e-05	0.000190633
837	6.0904e-05	0.000155466
838	8.43133e-05	0.000215221
839	0.000291985	0.000745332
840	7.4518e-05	0.000190217
841	8.18725e-05	0.000208991
842	6.04133e-05	0.000154213
843	8.20613e-05	0.000209472
844	0.000409111	0.00104431
845	7.88971e-05	0.000201395
846	8.01505e-05	0.000204595
847	8.06728e-05	0.000205928
848	8.19348e-05	0.000209149
849	8.19348e-05	0.000209149
850	8.19278e-05	0.000209132
851	8.26779e-05	0.000211046
852	0.000425194	0.00108537
853	6.42464e-05	0.000163998
854	8.18348e-05	0.000208894
855	0.000384942	0.000982617
856	8.17898e-05	0.000208779
857	0.000162888	0.000415793
858	0.000384008	0.000980233
859	7.88049e-05	0.00020116
860	8.2036e-05	0.000209408
861	6.14519e-05	0.000156864
862	7.87993e-05	0.000201146
863	6.55878e-05	0.000167422
864	6.02667e-05	0.000153839
865	0.000162913	0.000415857
866	6.28983e-05	0.000160556
867	6.29733e-05	0.000160748
868	8.21824e-05	0.000209782
869	0.000415498	0.00106061
870	6.0845e-05	0.000155315
871	0.00041776	0.00106639
872	6.30728e-05	0.000161002
873	0.00016216	0.000413935
874	8.17607e-05	0.000208705
875	6.29024e-05	0.000160567
876	8.18002e-05	0.000208806
877	0.000157359	0.00040168
878	0.000300501	0.000767068
879	6.32091e-05	0.00016135
880	0.000424227	0.0010829
881	0.000433908	0.00110761
882	7.9848e-05	0.000203823
883	8.07422e-05	0.000206105
884	7.26334e-05	0.000185406
885	6.69531e-05	0.000170907
886	0.000168589	0.000430346
887	0.000366702	0.000936057
888	6.19844e-05	0.000158223
889	5.98704e-05	0.000152827
890	0.000168189	0.000429324
891	8.16352e-05	0.000208385
892	0.00026945	0.000687808
893	0.000269259	0.000687319
894	8.4802e-05	0.000216468
895	0.000168714	0.000430666
896	8.14817e-05	0.000207993
897	0.000167389	0.000427283
898	7.84952e-05	0.00020037
899	0.000435343	0.00111127
900	0.000165484	0.000422419
901	0.000370341	0.000945346
902	0.000111211	0.00028388
903	6.85562e-05	0.000174999
904	6.32375e-05	0.000161422
905	6.34214e-05	0.000161892
906	0.000293656	0.000749597
907	0.000119474	0.000304974
908	7.81974e-05	0.000199609
909	8.18132e-05	0.000208839
910	7.82194e-05	0.000199666
911	0.000118747	0.000303117
912	0.000356066	0.000908907
913	6.0337e-05	0.000154018
914	0.000116193	0.000296598
915	0.000159248	0.000406502
916	5.98468e-05	0.000152767
917	0.000115244	0.000294176
918	0.000358155	0.000914239
919	7.70089e-05	0.000196576
920	8.18549e-05	0.000208946
921	0.000371384	0.000948009
922	0.000176052	0.000449396
923	0.000506357	0.00129254
924	0.000100457	0.00025643
925	0.000370206	0.000945
926	6.52631e-05	0.000166593
927	0.000374683	0.000956428
928	0.000270274	0.00068991
929	0.000350923	0.000895778
930	0.000373163	0.000952549
931	0.000363272	0.000927302
932	0.000122356	0.000312331
933	0.000165779	0.000423173
934	0.000340912	0.000870223
935	7.95268e-05	0.000203003
936	0.000414156	0.00105719
937	7.38802e-05	0.000188589
938	8.69998e-05	0.000222079
939	0.000522084	0.00133269
940	0.000250475	0.000639371
941	6.02702e-05	0.000153848
942	7.20718e-05	0.000183973
943	5.9821e-05	0.000152701
944	6.50665e-05	0.000166091
945	0.000191211	0.000488091
946	6.03164e-05	0.000153966
947	6.2886e-05	0.000160525
948	6.39632e-05	0.000163275
949	0.000127876	0.000326421
950	0.0004287	0.00109431
951	6.63212e-05	0.000169294
952	0.000103638	0.000264549
953	8.55929e-05	0.000218487
954	9.2425e-05	0.000235927
955	7.08802e-05	0.000180931
956	7.66374e-05	0.000195627
957	6.32136e-05	0.000161361
958	0.000236878	0.000604664
959	5.9997e-05	0.00015315
960	7.45963e-05	0.000190417
961	0.000283791	0.000724415
962	7.69944e-05	0.000196538
963	7.79995e-05	0.000199104
964	0.000107156	0.00027353
965	6.25007e-05	0.000159541
966	7.66307e-05	0.00019561
967	0.000310523	0.000792653
968	0.000205929	0.000525661
969	6.14972e-05	0.00015698
970	7.07352e-05	0.000180561
971	5.97461e-05	0.00015251
972	5.97462e-05	0.00015251
973	0.000337445	0.000861374
974	6.91421e-05	0.000176494
975	0.000305768	0.000780513
976	5.97929e-05	0.000152629
977	0.000241063	0.000615347
978	6.95425e-05	0.000177517
979	5.97186e-05	0.00015244
980	7.69224e-05	0.000196355
981	5.98321e-05	0.00015273
982	0.00023682	0.000604514
983	6.18519e-05	0.000157885
984	7.71801e-05	0.000197013
985	5.97248e-05	0.000152456
986	0.000472373	0.0012058
987	6.0036e-05	0.00015325
988	7.71283e-05	0.00019688
989	0.000235603	0.000601407
990	0.000206327	0.000526676
991	0.000299779	0.000765225
992	7.77094e-05	0.000198364
993	5.97414e-05	0.000152498
994	7.65351e-05	0.000195366
995	9.37868e-05	0.000239403
996	7.65313e-05	0.000195357
997	0.000308418	0.000787279
998	0.000456933	0.00116638
999	0.000329382	0.000840791
1000	7.59979e-05	0.000193995
1001	7.66729e-05	0.000195718
